3 0.4140625 0.4270833333333333 0.4390625 0.44166666666666665 0.5828125 0.6333333333333333 0.6484375 0.7354166666666667 0.7109375 0.8520833333333333 0.7671875 0.9979166666666667 0.83125 0.9979166666666667 0.7828125 0.8729166666666667 0.696875 0.725 0.6046875 0.5979166666666667 0.4625 0.425 0.4390625 0.41458333333333336 0.39375 0.4125 0.2375 0.44583333333333336 0.0 0.4931875 0.2703125 0.45208333333333334 0.3828125 0.4270833333333333 0.4140625 0.4270833333333333
3 0.9984375 0.5583333333333333 0.91875 0.5 0.759375 0.40208333333333335 0.663634375 0.3463 0.35681875 0.216075 0.709375 0.38958333333333334 0.903125 0.50625 0.9984375 0.5770833333333333 0.9984375 0.5583333333333333
3 0.9984375 0.4375 0.9859375 0.42916666666666664 0.884375 0.375 0.703125 0.29791666666666666 0.70625 0.30833333333333335 0.89375 0.39166666666666666 0.9984375 0.45 0.9984375 0.4375
3 0.4515625 0.21875 0.4390625 0.22083333333333333 0.49468750000000006 0.23094583333333332 0.4515625 0.21875
3 0.53125 0.24791666666666667 0.5546875 0.24791666666666667 0.51171875 0.23576249999999999 0.53125 0.24791666666666667
3 0.0 0.40625 0.0109375 0.3958333333333333 0.021875 0.4041666666666667 0.15625 0.36875 0.3421875 0.3375 0.3453125 0.33125 0.3359375 0.32708333333333334 0.165625 0.35625 0.028125 0.38958333333333334 0.0 0.39791666666666664 0.0 0.40625
3 0.3296875 0.2791666666666667 0.290625 0.23541666666666666 0.28125 0.2375 0.3171875 0.28958333333333336 0.3296875 0.2875 0.3296875 0.2791666666666667
12 0.9984375 0.4479166666666667 0.99375 0.44166666666666665 0.8703125 0.3770833333333333 0.71875 0.3104166666666667 0.61875 0.31760416666666663 0.7296875 0.3854166666666667 0.8765625 0.4708333333333333 0.9984375 0.5583333333333333 0.9984375 0.4479166666666667
12 0.5546875 0.25416666666666665 0.5453125 0.24791666666666667 0.440625 0.21666666666666667 0.3921875 0.21666666666666667 0.36875 0.21875 0.490625 0.275 0.54 0.2876208333333333 0.5546875 0.25416666666666665
12 0.4328125 0.4083333333333333 0.4609375 0.41875 0.60625 0.59375 0.7015625 0.725 0.7953125 0.8875 0.8375 0.9979166666666667 0.9984375 0.9979166666666667 0.9984375 0.5854166666666667 0.86875 0.4895833333333333 0.7046875 0.39375 0.6359375 0.35208333333333336 0.5265625 0.3020833333333333 0.4734375 0.27708333333333335 0.3515625 0.22708333333333333 0.296875 0.23177083333333334 0.3375 0.28541666666666665 0.0 0.3645833333333333 0.001953125 0.38932500000000003 0.344728125 0.32422083333333335 0.34765625 0.3333333333333333 0.2578125 0.35208333333333336 0.165625 0.36875 0.11875 0.38333333333333336 0.0 0.4114583333333333 0.000978125 0.49349166666666666 0.0859375 0.4708333333333333 0.23125 0.43333333333333335 0.3921875 0.4083333333333333 0.4328125 0.4083333333333333
