12 0.910225 0.3357 0.75 0.5991833333333333 0.41704375000000005 0.9979166666666667 0.9984375 0.9979166666666667 0.9984375 0.43125 0.9984375 0.3735583333333333 0.910225 0.3357
12 0.5609375 0.7479166666666667 0.7671875 0.5041666666666667 0.834375 0.40625 0.888634375 0.3357 0.7294937499999999 0.28255416666666666 0.47754062499999994 0.233075 0.345703125 0.2278666666666667 0.6025406249999999 0.2734375 0.7060562499999999 0.3020833333333333 0.5909093750000001 0.35235833333333333 0.584090625 0.44321249999999995 0.478409375 0.46441666666666664 0.43181875 0.41141666666666665 0.0046875 0.6041666666666666 0.0 0.9979166666666667 0.2703125 0.9979166666666667 0.43125 0.8708333333333333 0.5609375 0.7479166666666667
11 0.48864062500000005 0.112125 0.363640625 0.112125 0.363640625 0.22516666666666665 0.48864062500000005 0.22516666666666665 0.48864062500000005 0.112125
3 0.659375 0.7208333333333333 0.846875 0.44583333333333336 0.8875 0.36666666666666664 0.871875 0.36666666666666664 0.7328125 0.55 0.528125 0.78125 0.3875 0.9145833333333333 0.28125 0.99375 0.4078125 0.9979166666666667 0.4390625 0.9729166666666667 0.5609375 0.8416666666666667 0.659375 0.7208333333333333
3 0.2625 0.46041666666666664 0.003125 0.5770833333333333 0.0 0.5979166666666667 0.45625 0.4 0.4625 0.3875 0.2625 0.46041666666666664
3 0.65 0.3145833333333333 0.553125 0.35 0.5515625 0.35625 0.56875 0.35625 0.6984375 0.30625 0.65 0.3145833333333333
12 0.0 0.42083333333333334 0.1578125 0.36041666666666666 0.0984375 0.30833333333333335 0.0359375 0.32708333333333334 0.0 0.33958333333333335 0.0 0.42083333333333334
3 0.0 0.4375 0.1796875 0.36041666666666666 0.159375 0.33958333333333335 0.1015625 0.30833333333333335 0.15234375 0.359375 0.1109375 0.3770833333333333 0.003125 0.41875 0.0 0.4375
3 0.4453125 0.2578125 0.5185562499999999 0.26692916666666666 0.58984375 0.28255416666666666 0.69375 0.30416666666666664 0.621875 0.2791666666666667 0.465625 0.25 0.40625 0.2408875 0.328125 0.23541666666666666 0.240625 0.24791666666666667 0.2421875 0.25416666666666665 0.3037125 0.2434916666666667 0.359375 0.2434916666666667 0.4453125 0.2578125
3 0.9619156249999999 0.35026250000000003 0.966796875 0.3463541666666667 0.8544937499999999 0.30338750000000003 0.6865249999999999 0.2578125 0.52734375 0.2278666666666667 0.4890625 0.23125 0.5453125 0.2375 0.7177749999999999 0.27734583333333335 0.9619156249999999 0.35026250000000003
