3 0.7958999999999999 0.7057291666666666 0.76171875 0.7200541666666667 0.9228531249999999 0.9979166666666667 0.974609375 0.9979166666666667 0.8900406249999999 0.8583333333333333 0.7958999999999999 0.7057291666666666
3 0.26171875 0.44661666666666666 0.3203125 0.3411458333333333 0.291015625 0.3567708333333333 0.243165625 0.43099166666666666 0.178125 0.5578125 0.0 0.9322916666666666 0.01171875 0.9979166666666667 0.206640625 0.5703125 0.26171875 0.44661666666666666
3 0.49707187499999994 0.34505416666666666 0.49902499999999994 0.3333333333333333 0.134765625 0.35807500000000003 0.20215 0.359375 0.49707187499999994 0.34505416666666666
3 0.0 0.48333333333333334 0.090625 0.4 0.1953125 0.31875 0.196875 0.30625 0.1875 0.30625 0.0 0.46458333333333335 0.0 0.48333333333333334
3 0.357421875 0.24114583333333334 0.351171875 0.24114583333333334 0.346484375 0.2557291666666667 0.349609375 0.2598958333333333 0.358984375 0.24739583333333334 0.357421875 0.24114583333333334
3 0.48730624999999994 0.30338750000000003 0.16796875 0.32942916666666666 0.2255875 0.32942916666666666 0.48730624999999994 0.30338750000000003
12 0.7177749999999999 0.7252624999999999 0.6767593749999999 0.6731791666666667 0.66796875 0.6302083333333334 0.6904312499999999 0.6041666666666666 0.53125 0.3541666666666667 0.494140625 0.3515625 0.5068374999999999 0.3255208333333333 0.44140625 0.22395833333333334 0.37793125 0.2252625 0.013671875 0.9979166666666667 0.91796875 0.9979166666666667 0.759765625 0.7200541666666667 0.7177749999999999 0.7252624999999999
12 0.0 0.9010416666666666 0.204103125 0.5 0.349609375 0.24609583333333335 0.28515625 0.23828333333333335 0.059375 0.4169291666666667 0.0 0.4710958333333333 0.0 0.9010416666666666
2 0.8154312499999999 1.25e-05 0.693353125 1.25e-05 0.693353125 0.13802916666666668 0.8154312499999999 0.13802916666666668 0.8154312499999999 1.25e-05
4 0.5449375 0.07683333333333334 0.50390625 0.07683333333333334 0.50390625 0.14975 0.5449375 0.14975 0.5449375 0.07683333333333334
3 0.69375 0.6083333333333333 0.7203125 0.6041666666666666 0.6203125 0.45 0.5484375 0.35625 0.5375 0.35208333333333336 0.534375 0.36041666666666666 0.54375 0.37916666666666665 0.68125 0.59375 0.69375 0.6083333333333333
3 0.453125 0.23125 0.4765625 0.27708333333333335 0.515625 0.325 0.5140625 0.3104166666666667 0.453125 0.23125
