3 0.7859375 0.6395833333333333 0.6296875 0.44166666666666665 0.6234375 0.44166666666666665 0.6125 0.44583333333333336 0.6203125 0.46041666666666664 0.8234375 0.7541666666666667 0.96875 0.9958333333333333 0.9984375 0.9979166666666667 0.9984375 0.9541666666666667 0.9359375 0.85625 0.7859375 0.6395833333333333
3 0.5921875 0.4 0.571875 0.36875 0.5203125 0.3125 0.5171875 0.30833333333333335 0.509375 0.3125 0.5109375 0.31666666666666665 0.5765625 0.4041666666666667 0.5921875 0.4
3 0.490625 0.27708333333333335 0.4546875 0.23125 0.45 0.23125 0.48125 0.2791666666666667 0.4890625 0.28125 0.490625 0.27708333333333335
3 0.2078125 0.5604166666666667 0.1234375 0.75625 0.0296875 0.9979166666666667 0.084375 0.9958333333333333 0.236328125 0.5729166666666666 0.326171875 0.34375 0.353515625 0.31120000000000003 0.33886875 0.3046875 0.317384375 0.32422083333333335 0.2078125 0.5604166666666667
3 0.19140625 0.31640833333333335 0.193359375 0.32682500000000003 0.4765625 0.3072916666666667 0.478515625 0.29557500000000003 0.19140625 0.31640833333333335
3 0.0 0.48333333333333334 0.090625 0.4 0.1953125 0.31875 0.196875 0.30625 0.1875 0.30625 0.0 0.46458333333333335 0.0 0.48333333333333334
3 0.36875 0.23958333333333334 0.3671875 0.23333333333333334 0.3609375 0.23333333333333334 0.35625 0.24791666666666667 0.359375 0.2520833333333333 0.36875 0.23958333333333334
3 0.208984375 0.3046875 0.470703125 0.2786458333333333 0.211915625 0.29817916666666666 0.208984375 0.3046875
12 0.37793125 0.2252625 0.3296875 0.3458333333333333 0.3109375 0.38333333333333336 0.2453125 0.5479166666666667 0.1890625 0.7083333333333334 0.090625 0.9958333333333333 0.970703125 0.9979166666666667 0.8484375 0.8 0.6765625 0.54375 0.6125 0.45625 0.5765625 0.44583333333333336 0.5625 0.43333333333333335 0.5609375 0.4083333333333333 0.5791031249999999 0.4036458333333333 0.5087906249999999 0.3125 0.482421875 0.29817916666666666 0.486328125 0.2890625 0.44140625 0.22395833333333334 0.37793125 0.2252625
12 0.0 0.9979166666666667 0.0265625 0.9958333333333333 0.21386875 0.5455749999999999 0.3584 0.2356791666666667 0.30078125 0.2356791666666667 0.059375 0.43125 0.0 0.48541666666666666 0.0 0.9979166666666667
2 0.568359375 0.15104166666666666 0.630859375 0.15104166666666666 0.630859375 0.03254166666666666 0.568359375 0.03254166666666666 0.568359375 0.15104166666666666
4 0.484375 0.16145833333333334 0.5185625 0.16145833333333334 0.5185625 0.10416666666666667 0.484375 0.10416666666666667 0.484375 0.16145833333333334
