3 0.8640625 0.8625 0.7375 0.6479166666666667 0.5984375 0.4354166666666667 0.5875 0.42291666666666666 0.5734375 0.42916666666666664 0.7705093749999999 0.7825541666666667 0.8734375 0.9958333333333333 0.9328125 0.9979166666666667 0.8640625 0.8625
3 0.4578125 0.23958333333333334 0.54375 0.38125 0.5484375 0.3645833333333333 0.5390625 0.34791666666666665 0.4578125 0.23958333333333334
3 0.296875 0.41041666666666665 0.2671875 0.41458333333333336 0.246875 0.42916666666666664 0.2140625 0.47291666666666665 0.071875 0.7125 0.0734375 0.73125 0.103125 0.73125 0.224609375 0.49609583333333335 0.296875 0.41041666666666665
3 0.051759374999999996 0.42317916666666666 0.29296875 0.4322916666666667 0.51953125 0.41276250000000003 0.5263687499999999 0.39453333333333335 0.051759374999999996 0.42317916666666666
3 0.501953125 0.3385416666666667 0.087890625 0.3776041666666667 0.10058750000000001 0.38411666666666666 0.22168125 0.36849166666666666 0.501953125 0.3385416666666667
3 0.0 0.4625 0.0703125 0.4041666666666667 0.0765625 0.3875 0.0640625 0.38125 0.0625 0.38125 0.0 0.39375 0.0 0.4041666666666667 0.06640625 0.39192916666666666 0.0 0.45 0.0 0.4625
3 0.3453125 0.275 0.3578125 0.25416666666666665 0.35 0.24375 0.3453125 0.24375 0.3484375 0.2520833333333333 0.3359375 0.2708333333333333 0.3375 0.27708333333333335 0.3453125 0.275
3 0.0 0.35833333333333334 0.1453125 0.3333333333333333 0.153125 0.33125 0.1546875 0.3229166666666667 0.1484375 0.3229166666666667 0.03125 0.34375 0.0 0.35208333333333336 0.0 0.35833333333333334
12 0.0 0.38672083333333335 0.08886875 0.38411666666666666 0.000978125 0.4609375 0.000978125 0.9979166666666667 0.8720718749999999 0.9979166666666667 0.7392593749999999 0.734375 0.5693374999999999 0.4322916666666667 0.5283218749999999 0.42057500000000003 0.5400406249999999 0.3880208333333333 0.455078125 0.2434916666666667 0.375 0.2356791666666667 0.3349625 0.2864583333333333 0.33886875 0.24739583333333334 0.267578125 0.24739583333333334 0.254884375 0.265625 0.2109375 0.29557500000000003 0.0 0.33203333333333335 0.0 0.3489583333333333 0.1640625 0.32161666666666666 0.15918125 0.3307291666666667 0.0 0.36328333333333335 0.0 0.38672083333333335
4 0.58985 0.033862500000000004 0.5263687499999999 0.033862500000000004 0.5263687499999999 0.14584166666666668 0.58985 0.14584166666666668 0.58985 0.033862500000000004
