2 0.5458999999999999 0.011720833333333335 0.46582187499999994 0.011720833333333335 0.46582187499999994 0.14453333333333335 0.5458999999999999 0.14453333333333335 0.5458999999999999 0.011720833333333335
4 0.4248125 0.10026249999999999 0.38184375 0.10026249999999999 0.38184375 0.16407083333333333 0.4248125 0.16407083333333333 0.4248125 0.10026249999999999
12 0.0 0.9979166666666667 0.8359375 0.9979166666666667 0.7390625 0.8291666666666667 0.5265625 0.49166666666666664 0.5078125 0.4708333333333333 0.48125 0.4666666666666667 0.46875 0.45416666666666666 0.475 0.4166666666666667 0.41015625 0.32161666666666666 0.38965 0.3125 0.391603125 0.296875 0.3584 0.23697916666666666 0.291015625 0.233075 0.228125 0.36041666666666666 0.1318375 0.5651041666666666 0.009375 0.84375 0.0 0.8708333333333333 0.0 0.9979166666666667
12 0.0 0.7770833333333333 0.223634375 0.32161666666666666 0.26465 0.24739583333333334 0.2109375 0.25130416666666666 0.0953125 0.35 0.01875 0.41458333333333336 0.0 0.43125 0.0 0.7770833333333333
3 0.0 0.875 0.130859375 0.5520833333333334 0.236328125 0.3411458333333333 0.28125 0.24739583333333334 0.279296875 0.23828333333333335 0.2046875 0.3645833333333333 0.0546875 0.6520833333333333 0.0 0.775 0.0 0.875
3 0.828125 0.9916666666666667 0.834375 0.9979166666666667 0.903125 0.9979166666666667 0.6203125 0.5708333333333333 0.5390625 0.4666666666666667 0.5171875 0.46875 0.5171875 0.48333333333333334 0.828125 0.9916666666666667
3 0.41308749999999994 0.31901250000000003 0.4765625 0.425 0.49609375 0.41536666666666666 0.42480624999999994 0.3151041666666667 0.41308749999999994 0.31901250000000003
3 0.357421875 0.2356791666666667 0.396484375 0.29557500000000003 0.404296875 0.2916666666666667 0.391603125 0.26953333333333335 0.3671875 0.23333333333333334 0.357421875 0.2356791666666667
3 0.0 0.43125 0.103125 0.33958333333333335 0.1 0.33125 0.084375 0.33125 0.0 0.3541666666666667 0.0 0.35547083333333335 0.0359375 0.35208333333333336 0.086915625 0.33984583333333335 0.0609375 0.36666666666666664 0.0 0.4125 0.0 0.43125
3 0.254884375 0.31901250000000003 0.253125 0.32916666666666666 0.283203125 0.32682500000000003 0.39375 0.3145833333333333 0.3921875 0.30625 0.34765625 0.31120000000000003 0.314453125 0.3125 0.254884375 0.31901250000000003
