2 0.686515625 0.0 0.686515625 0.15495833333333334 0.794921875 0.15495833333333334 0.794921875 0.0 0.686515625 0.0
4 0.5820375 0.09114583333333333 0.533209375 0.09114583333333333 0.533209375 0.15885416666666666 0.5820375 0.15885416666666666 0.5820375 0.09114583333333333
3 0.7453125 0.6020833333333333 0.8837906249999999 0.828125 0.974609375 0.9979166666666667 0.9984375 0.9979166666666667 0.9984375 0.95625 0.903125 0.79375 0.771875 0.5979166666666667 0.759375 0.59375 0.7453125 0.6020833333333333
3 0.6904312499999999 0.5286458333333334 0.7140625 0.5291666666666667 0.703125 0.5041666666666667 0.6265625 0.40208333333333335 0.5796875 0.3458333333333333 0.56640625 0.34765833333333335 0.6181656249999999 0.42317916666666666 0.6904312499999999 0.5286458333333334
3 0.49316562499999994 0.2487 0.544921875 0.3203125 0.55 0.3229166666666667 0.55078125 0.3072916666666667 0.49609375 0.23697916666666666 0.49316562499999994 0.2487
3 0.0625 0.9625 0.0515625 0.9979166666666667 0.107421875 0.9979166666666667 0.26074375 0.5742208333333333 0.342775 0.3776041666666667 0.375 0.328125 0.3453125 0.3416666666666667 0.2890625 0.4354166666666667 0.0625 0.9625
3 0.52734375 0.33984583333333335 0.5283218749999999 0.3255208333333333 0.18359375 0.33724166666666666 0.18261875 0.34505416666666666 0.52734375 0.33984583333333335
12 0.2203125 0.675 0.1171875 0.9791666666666666 0.1140625 0.9979166666666667 0.9736343749999999 0.9979166666666667 0.8662124999999999 0.8020833333333334 0.7509781249999999 0.6184916666666667 0.6767593749999999 0.5846374999999999 0.67578125 0.5494791666666666 0.6826187499999999 0.5234375 0.646875 0.4708333333333333 0.5625 0.35208333333333336 0.52734375 0.3359375 0.541015625 0.3177083333333333 0.478515625 0.23697916666666666 0.408203125 0.2278666666666667 0.369140625 0.34375 0.34668125 0.36588750000000003 0.2203125 0.675
12 0.325196875 0.2356791666666667 0.201171875 0.32422083333333335 0.0 0.49609583333333335 0.0046875 0.9979166666666667 0.046875 0.9979166666666667 0.263671875 0.484375 0.333009375 0.359375 0.36230625 0.3203125 0.38574375 0.2421875 0.325196875 0.2356791666666667
3 0.0 0.49583333333333335 0.196875 0.325 0.1890625 0.32083333333333336 0.0171875 0.46041666666666664 0.0 0.47708333333333336 0.0 0.49583333333333335
3 0.5234375 0.2994791666666667 0.51953125 0.29297083333333335 0.223634375 0.3098958333333333 0.21484375 0.31640833333333335 0.5234375 0.2994791666666667
