3 0.3203125 0.9979166666666667 0.3265625 0.9916666666666667 0.4671875 0.66875 0.5609375 0.5041666666666667 0.621875 0.50625 0.84375 0.5416666666666666 0.86875 0.5416666666666666 0.878125 0.5166666666666667 0.590625 0.4708333333333333 0.5484375 0.47291666666666665 0.5125 0.5104166666666666 0.4484375 0.6104166666666667 0.2484375 0.98125 0.240625 0.9979166666666667 0.3203125 0.9979166666666667
3 0.7353531249999999 0.27734583333333335 0.884375 0.5145833333333333 0.8994156249999999 0.5026041666666666 0.845703125 0.4192708333333333 0.73828125 0.26692916666666666 0.6708999999999999 0.24609583333333335 0.6953125 0.25390833333333335 0.7353531249999999 0.27734583333333335
3 0.9234375 0.5729166666666666 0.9234375 0.5833333333333334 0.9984375 0.7291666666666666 0.9984375 0.6731791666666667 0.934375 0.5625 0.9234375 0.5729166666666666
3 0.0 0.5963541666666666 0.3037125 0.3802083333333333 0.310546875 0.359375 0.2734375 0.36041666666666666 0.13125 0.35 0.0 0.4166666666666667 0.0 0.42578333333333335 0.125978125 0.35807500000000003 0.290040625 0.37370000000000003 0.0 0.5742208333333333 0.0 0.5963541666666666
3 0.25293125 0.4244791666666667 0.236328125 0.4296875 0.5419937499999999 0.47005416666666666 0.25293125 0.4244791666666667
3 0.806640625 0.4140625 0.333009375 0.35026250000000003 0.329103125 0.359375 0.806640625 0.4140625
3 0.615625 0.26666666666666666 0.6046875 0.2916666666666667 0.6203125 0.29583333333333334 0.6296875 0.26458333333333334 0.6109375 0.2520833333333333 0.615625 0.26666666666666666
3 0.0 0.3177083333333333 0.193359375 0.31120000000000003 0.40625 0.3104166666666667 0.3828125 0.3020833333333333 0.109375 0.30625 0.0 0.3177083333333333
12 0.8603531249999999 0.5481791666666667 0.8875 0.5104166666666666 0.84375 0.4375 0.7314468749999999 0.27474166666666666 0.640625 0.2526041666666667 0.607421875 0.2994791666666667 0.603515625 0.2578125 0.5419937499999999 0.23958333333333334 0.400390625 0.3177083333333333 0.282228125 0.3125 0.243165625 0.34765833333333335 0.3203125 0.36849166666666666 0.208984375 0.44140833333333335 0.0015625 0.6 0.0 0.9979166666666667 0.240625 0.9979166666666667 0.28125 0.9208333333333333 0.3203125 0.8625 0.3578125 0.7791666666666667 0.4390625 0.6270833333333333 0.548828125 0.46875 0.576171875 0.4739583333333333 0.46875 0.6604166666666667 0.3765625 0.8875 0.3234375 0.9979166666666667 0.9984375 0.9979166666666667 0.9984375 0.7270833333333333 0.9671875 0.6770833333333334 0.925 0.5854166666666667 0.8603531249999999 0.5481791666666667
4 0.96485 0.0481875 0.8935562499999999 0.0481875 0.8935562499999999 0.2044375 0.96485 0.2044375 0.96485 0.0481875
